service_id,monday,tuesday,wednesday,thursday,friday,saturday,sunday,start_date,end_date                                                               
1055X,0,0,1,0,0,0,0,20250507,20250507                                                                                                                 
1056J,0,0,0,1,0,0,0,20250508,20250508                                                                                                                 
1057V,0,0,0,0,1,0,0,20250509,20250509                                                                                                                 
1058S,0,0,0,0,0,1,0,20250510,20250510                                                                                                                 
1059D,0,0,0,0,0,0,1,20250511,20250511                                                                                                                 
1060L,1,0,0,0,0,0,0,20250512,20250512                                                                                                                 
1061M,0,1,0,0,0,0,0,20250513,20250513                                                                                                                 
1062X,0,0,1,0,0,0,0,20250514,20250514                                                                                                                 
1063J,0,0,0,1,0,0,0,20250515,20250515                                                                                                                 
1064V,0,0,0,0,1,0,0,20250516,20250516                                                                                                                 
1065S,0,0,0,0,0,1,0,20250517,20250517                                                                                                                 
1066D,0,0,0,0,0,0,1,20250518,20250518                                                                                                                 
1067L,1,0,0,0,0,0,0,20250519,20250519                                                                                                                 
1068M,0,1,0,0,0,0,0,20250520,20250520                                                                                                                 
1069X,0,0,1,0,0,0,0,20250521,20250521                                                                                                                 
1070J,0,0,0,1,0,0,0,20250522,20250522                                                                                                                 
1071V,0,0,0,0,1,0,0,20250523,20250523                                                                                                                 
1072S,0,0,0,0,0,1,0,20250524,20250524                                                                                                                 
1073D,0,0,0,0,0,0,1,20250525,20250525                                                                                                                 
1074L,1,0,0,0,0,0,0,20250526,20250526                                                                                                                 
1075M,0,1,0,0,0,0,0,20250527,20250527                                                                                                                 
1076X,0,0,1,0,0,0,0,20250528,20250528                                                                                                                 
1077J,0,0,0,1,0,0,0,20250529,20250529                                                                                                                 
1078V,0,0,0,0,1,0,0,20250530,20250530                                                                                                                 
1079S,0,0,0,0,0,1,0,20250531,20250531                                                                                                                 
1080D,0,0,0,0,0,0,1,20250601,20250601                                                                                                                 
1081L,1,0,0,0,0,0,0,20250602,20250602                                                                                                                 
1082M,0,1,0,0,0,0,0,20250603,20250603                                                                                                                 
1083X,0,0,1,0,0,0,0,20250604,20250604                                                                                                                 
1084J,0,0,0,1,0,0,0,20250605,20250605                                                                                                                 
1085V,0,0,0,0,1,0,0,20250606,20250606                                                                                                                 
2055X,0,0,1,0,0,0,0,20250507,20250507                                                                                                                 
2056J,0,0,0,1,0,0,0,20250508,20250508                                                                                                                 
2057V,0,0,0,0,1,0,0,20250509,20250509                                                                                                                 
2058S,0,0,0,0,0,1,0,20250510,20250510                                                                                                                 
2059D,0,0,0,0,0,0,1,20250511,20250511                                                                                                                 
2060L,1,0,0,0,0,0,0,20250512,20250512                                                                                                                 
2061M,0,1,0,0,0,0,0,20250513,20250513                                                                                                                 
2062X,0,0,1,0,0,0,0,20250514,20250514                                                                                                                 
2063J,0,0,0,1,0,0,0,20250515,20250515                                                                                                                 
2064V,0,0,0,0,1,0,0,20250516,20250516                                                                                                                 
2065S,0,0,0,0,0,1,0,20250517,20250517                                                                                                                 
2066D,0,0,0,0,0,0,1,20250518,20250518                                                                                                                 
2067L,1,0,0,0,0,0,0,20250519,20250519                                                                                                                 
2068M,0,1,0,0,0,0,0,20250520,20250520                                                                                                                 
2069X,0,0,1,0,0,0,0,20250521,20250521                                                                                                                 
2070J,0,0,0,1,0,0,0,20250522,20250522                                                                                                                 
2071V,0,0,0,0,1,0,0,20250523,20250523                                                                                                                 
2072S,0,0,0,0,0,1,0,20250524,20250524                                                                                                                 
2073D,0,0,0,0,0,0,1,20250525,20250525                                                                                                                 
2074L,1,0,0,0,0,0,0,20250526,20250526                                                                                                                 
2075M,0,1,0,0,0,0,0,20250527,20250527                                                                                                                 
2076X,0,0,1,0,0,0,0,20250528,20250528                                                                                                                 
2077J,0,0,0,1,0,0,0,20250529,20250529                                                                                                                 
2078V,0,0,0,0,1,0,0,20250530,20250530                                                                                                                 
2079S,0,0,0,0,0,1,0,20250531,20250531                                                                                                                 
2080D,0,0,0,0,0,0,1,20250601,20250601                                                                                                                 
2081L,1,0,0,0,0,0,0,20250602,20250602                                                                                                                 
2082M,0,1,0,0,0,0,0,20250603,20250603                                                                                                                 
2083X,0,0,1,0,0,0,0,20250604,20250604                                                                                                                 
2084J,0,0,0,1,0,0,0,20250605,20250605                                                                                                                 
2085V,0,0,0,0,1,0,0,20250606,20250606                                                                                                                 
3055X,0,0,1,0,0,0,0,20250507,20250507                                                                                                                 
3056J,0,0,0,1,0,0,0,20250508,20250508                                                                                                                 
3057V,0,0,0,0,1,0,0,20250509,20250509                                                                                                                 
3058S,0,0,0,0,0,1,0,20250510,20250510                                                                                                                 
3059D,0,0,0,0,0,0,1,20250511,20250511                                                                                                                 
3060L,1,0,0,0,0,0,0,20250512,20250512                                                                                                                 
3061M,0,1,0,0,0,0,0,20250513,20250513                                                                                                                 
3062X,0,0,1,0,0,0,0,20250514,20250514                                                                                                                 
3063J,0,0,0,1,0,0,0,20250515,20250515                                                                                                                 
3064V,0,0,0,0,1,0,0,20250516,20250516                                                                                                                 
3065S,0,0,0,0,0,1,0,20250517,20250517                                                                                                                 
3066D,0,0,0,0,0,0,1,20250518,20250518                                                                                                                 
3067L,1,0,0,0,0,0,0,20250519,20250519                                                                                                                 
3068M,0,1,0,0,0,0,0,20250520,20250520                                                                                                                 
3069X,0,0,1,0,0,0,0,20250521,20250521                                                                                                                 
3070J,0,0,0,1,0,0,0,20250522,20250522                                                                                                                 
3071V,0,0,0,0,1,0,0,20250523,20250523                                                                                                                 
3072S,0,0,0,0,0,1,0,20250524,20250524                                                                                                                 
3073D,0,0,0,0,0,0,1,20250525,20250525                                                                                                                 
3074L,1,0,0,0,0,0,0,20250526,20250526                                                                                                                 
3075M,0,1,0,0,0,0,0,20250527,20250527                                                                                                                 
3076X,0,0,1,0,0,0,0,20250528,20250528                                                                                                                 
3077J,0,0,0,1,0,0,0,20250529,20250529                                                                                                                 
3078V,0,0,0,0,1,0,0,20250530,20250530                                                                                                                 
3079S,0,0,0,0,0,1,0,20250531,20250531                                                                                                                 
3080D,0,0,0,0,0,0,1,20250601,20250601                                                                                                                 
3081L,1,0,0,0,0,0,0,20250602,20250602                                                                                                                 
3082M,0,1,0,0,0,0,0,20250603,20250603                                                                                                                 
3083X,0,0,1,0,0,0,0,20250604,20250604                                                                                                                 
3084J,0,0,0,1,0,0,0,20250605,20250605                                                                                                                 
3085V,0,0,0,0,1,0,0,20250606,20250606                                                                                                                 
3155X,0,0,1,0,0,0,0,20250507,20250507                                                                                                                 
3156J,0,0,0,1,0,0,0,20250508,20250508                                                                                                                 
3157V,0,0,0,0,1,0,0,20250509,20250509                                                                                                                 
3158S,0,0,0,0,0,1,0,20250510,20250510                                                                                                                 
3159D,0,0,0,0,0,0,1,20250511,20250511                                                                                                                 
3160L,1,0,0,0,0,0,0,20250512,20250512                                                                                                                 
3161M,0,1,0,0,0,0,0,20250513,20250513                                                                                                                 
3162X,0,0,1,0,0,0,0,20250514,20250514                                                                                                                 
3163J,0,0,0,1,0,0,0,20250515,20250515                                                                                                                 
3164V,0,0,0,0,1,0,0,20250516,20250516                                                                                                                 
3165S,0,0,0,0,0,1,0,20250517,20250517                                                                                                                 
3166D,0,0,0,0,0,0,1,20250518,20250518                                                                                                                 
3167L,1,0,0,0,0,0,0,20250519,20250519                                                                                                                 
3168M,0,1,0,0,0,0,0,20250520,20250520                                                                                                                 
3169X,0,0,1,0,0,0,0,20250521,20250521                                                                                                                 
3170J,0,0,0,1,0,0,0,20250522,20250522                                                                                                                 
3171V,0,0,0,0,1,0,0,20250523,20250523                                                                                                                 
3172S,0,0,0,0,0,1,0,20250524,20250524                                                                                                                 
3173D,0,0,0,0,0,0,1,20250525,20250525                                                                                                                 
3174L,1,0,0,0,0,0,0,20250526,20250526                                                                                                                 
3175M,0,1,0,0,0,0,0,20250527,20250527                                                                                                                 
3176X,0,0,1,0,0,0,0,20250528,20250528                                                                                                                 
3177J,0,0,0,1,0,0,0,20250529,20250529                                                                                                                 
3178V,0,0,0,0,1,0,0,20250530,20250530                                                                                                                 
3179S,0,0,0,0,0,1,0,20250531,20250531                                                                                                                 
3180D,0,0,0,0,0,0,1,20250601,20250601                                                                                                                 
3181L,1,0,0,0,0,0,0,20250602,20250602                                                                                                                 
3182M,0,1,0,0,0,0,0,20250603,20250603                                                                                                                 
3183X,0,0,1,0,0,0,0,20250604,20250604                                                                                                                 
3184J,0,0,0,1,0,0,0,20250605,20250605                                                                                                                 
3185V,0,0,0,0,1,0,0,20250606,20250606                                                                                                                 
3255X,0,0,1,0,0,0,0,20250507,20250507                                                                                                                 
3256J,0,0,0,1,0,0,0,20250508,20250508                                                                                                                 
3257V,0,0,0,0,1,0,0,20250509,20250509                                                                                                                 
3258S,0,0,0,0,0,1,0,20250510,20250510                                                                                                                 
3259D,0,0,0,0,0,0,1,20250511,20250511                                                                                                                 
3260L,1,0,0,0,0,0,0,20250512,20250512                                                                                                                 
3261M,0,1,0,0,0,0,0,20250513,20250513                                                                                                                 
3262X,0,0,1,0,0,0,0,20250514,20250514                                                                                                                 
3263J,0,0,0,1,0,0,0,20250515,20250515                                                                                                                 
3264V,0,0,0,0,1,0,0,20250516,20250516                                                                                                                 
3265S,0,0,0,0,0,1,0,20250517,20250517                                                                                                                 
3266D,0,0,0,0,0,0,1,20250518,20250518                                                                                                                 
3267L,1,0,0,0,0,0,0,20250519,20250519                                                                                                                 
3268M,0,1,0,0,0,0,0,20250520,20250520                                                                                                                 
3269X,0,0,1,0,0,0,0,20250521,20250521                                                                                                                 
3270J,0,0,0,1,0,0,0,20250522,20250522                                                                                                                 
3271V,0,0,0,0,1,0,0,20250523,20250523                                                                                                                 
3272S,0,0,0,0,0,1,0,20250524,20250524                                                                                                                 
3273D,0,0,0,0,0,0,1,20250525,20250525                                                                                                                 
3274L,1,0,0,0,0,0,0,20250526,20250526                                                                                                                 
3275M,0,1,0,0,0,0,0,20250527,20250527                                                                                                                 
3276X,0,0,1,0,0,0,0,20250528,20250528                                                                                                                 
3277J,0,0,0,1,0,0,0,20250529,20250529                                                                                                                 
3278V,0,0,0,0,1,0,0,20250530,20250530                                                                                                                 
3279S,0,0,0,0,0,1,0,20250531,20250531                                                                                                                 
3280D,0,0,0,0,0,0,1,20250601,20250601                                                                                                                 
3281L,1,0,0,0,0,0,0,20250602,20250602                                                                                                                 
3282M,0,1,0,0,0,0,0,20250603,20250603                                                                                                                 
3283X,0,0,1,0,0,0,0,20250604,20250604                                                                                                                 
3284J,0,0,0,1,0,0,0,20250605,20250605                                                                                                                 
3285V,0,0,0,0,1,0,0,20250606,20250606                                                                                                                 
4055X,0,0,1,0,0,0,0,20250507,20250507                                                                                                                 
4056J,0,0,0,1,0,0,0,20250508,20250508                                                                                                                 
4057V,0,0,0,0,1,0,0,20250509,20250509                                                                                                                 
4058S,0,0,0,0,0,1,0,20250510,20250510                                                                                                                 
4059D,0,0,0,0,0,0,1,20250511,20250511                                                                                                                 
4060L,1,0,0,0,0,0,0,20250512,20250512                                                                                                                 
4061M,0,1,0,0,0,0,0,20250513,20250513                                                                                                                 
4062X,0,0,1,0,0,0,0,20250514,20250514                                                                                                                 
4063J,0,0,0,1,0,0,0,20250515,20250515                                                                                                                 
4064V,0,0,0,0,1,0,0,20250516,20250516                                                                                                                 
4065S,0,0,0,0,0,1,0,20250517,20250517                                                                                                                 
4066D,0,0,0,0,0,0,1,20250518,20250518                                                                                                                 
4067L,1,0,0,0,0,0,0,20250519,20250519                                                                                                                 
4068M,0,1,0,0,0,0,0,20250520,20250520                                                                                                                 
4069X,0,0,1,0,0,0,0,20250521,20250521                                                                                                                 
4070J,0,0,0,1,0,0,0,20250522,20250522                                                                                                                 
4071V,0,0,0,0,1,0,0,20250523,20250523                                                                                                                 
4072S,0,0,0,0,0,1,0,20250524,20250524                                                                                                                 
4073D,0,0,0,0,0,0,1,20250525,20250525                                                                                                                 
4074L,1,0,0,0,0,0,0,20250526,20250526                                                                                                                 
4075M,0,1,0,0,0,0,0,20250527,20250527                                                                                                                 
4076X,0,0,1,0,0,0,0,20250528,20250528                                                                                                                 
4077J,0,0,0,1,0,0,0,20250529,20250529                                                                                                                 
4078V,0,0,0,0,1,0,0,20250530,20250530                                                                                                                 
4079S,0,0,0,0,0,1,0,20250531,20250531                                                                                                                 
4080D,0,0,0,0,0,0,1,20250601,20250601                                                                                                                 
4081L,1,0,0,0,0,0,0,20250602,20250602                                                                                                                 
4082M,0,1,0,0,0,0,0,20250603,20250603                                                                                                                 
4083X,0,0,1,0,0,0,0,20250604,20250604                                                                                                                 
4084J,0,0,0,1,0,0,0,20250605,20250605                                                                                                                 
4085V,0,0,0,0,1,0,0,20250606,20250606                                                                                                                 
4155X,0,0,1,0,0,0,0,20250507,20250507                                                                                                                 
4156J,0,0,0,1,0,0,0,20250508,20250508                                                                                                                 
4157V,0,0,0,0,1,0,0,20250509,20250509                                                                                                                 
4158S,0,0,0,0,0,1,0,20250510,20250510                                                                                                                 
4159D,0,0,0,0,0,0,1,20250511,20250511                                                                                                                 
4160L,1,0,0,0,0,0,0,20250512,20250512                                                                                                                 
4161M,0,1,0,0,0,0,0,20250513,20250513                                                                                                                 
4162X,0,0,1,0,0,0,0,20250514,20250514                                                                                                                 
4163J,0,0,0,1,0,0,0,20250515,20250515                                                                                                                 
4164V,0,0,0,0,1,0,0,20250516,20250516                                                                                                                 
4165S,0,0,0,0,0,1,0,20250517,20250517                                                                                                                 
4166D,0,0,0,0,0,0,1,20250518,20250518                                                                                                                 
4167L,1,0,0,0,0,0,0,20250519,20250519                                                                                                                 
4168M,0,1,0,0,0,0,0,20250520,20250520                                                                                                                 
4169X,0,0,1,0,0,0,0,20250521,20250521                                                                                                                 
4170J,0,0,0,1,0,0,0,20250522,20250522                                                                                                                 
4171V,0,0,0,0,1,0,0,20250523,20250523                                                                                                                 
4172S,0,0,0,0,0,1,0,20250524,20250524                                                                                                                 
4173D,0,0,0,0,0,0,1,20250525,20250525                                                                                                                 
4174L,1,0,0,0,0,0,0,20250526,20250526                                                                                                                 
4175M,0,1,0,0,0,0,0,20250527,20250527                                                                                                                 
4176X,0,0,1,0,0,0,0,20250528,20250528                                                                                                                 
4177J,0,0,0,1,0,0,0,20250529,20250529                                                                                                                 
4178V,0,0,0,0,1,0,0,20250530,20250530                                                                                                                 
4179S,0,0,0,0,0,1,0,20250531,20250531                                                                                                                 
4180D,0,0,0,0,0,0,1,20250601,20250601                                                                                                                 
4181L,1,0,0,0,0,0,0,20250602,20250602                                                                                                                 
4182M,0,1,0,0,0,0,0,20250603,20250603                                                                                                                 
4183X,0,0,1,0,0,0,0,20250604,20250604                                                                                                                 
4184J,0,0,0,1,0,0,0,20250605,20250605                                                                                                                 
4185V,0,0,0,0,1,0,0,20250606,20250606                                                                                                                 
5155X,0,0,1,0,0,0,0,20250507,20250507                                                                                                                 
5156J,0,0,0,1,0,0,0,20250508,20250508                                                                                                                 
5157V,0,0,0,0,1,0,0,20250509,20250509                                                                                                                 
5158S,0,0,0,0,0,1,0,20250510,20250510                                                                                                                 
5159D,0,0,0,0,0,0,1,20250511,20250511                                                                                                                 
5160L,1,0,0,0,0,0,0,20250512,20250512                                                                                                                 
5161M,0,1,0,0,0,0,0,20250513,20250513                                                                                                                 
5162X,0,0,1,0,0,0,0,20250514,20250514                                                                                                                 
5163J,0,0,0,1,0,0,0,20250515,20250515                                                                                                                 
5164V,0,0,0,0,1,0,0,20250516,20250516                                                                                                                 
5165S,0,0,0,0,0,1,0,20250517,20250517                                                                                                                 
5166D,0,0,0,0,0,0,1,20250518,20250518                                                                                                                 
5167L,1,0,0,0,0,0,0,20250519,20250519                                                                                                                 
5168M,0,1,0,0,0,0,0,20250520,20250520                                                                                                                 
5169X,0,0,1,0,0,0,0,20250521,20250521                                                                                                                 
5170J,0,0,0,1,0,0,0,20250522,20250522                                                                                                                 
5171V,0,0,0,0,1,0,0,20250523,20250523                                                                                                                 
5172S,0,0,0,0,0,1,0,20250524,20250524                                                                                                                 
5173D,0,0,0,0,0,0,1,20250525,20250525                                                                                                                 
5174L,1,0,0,0,0,0,0,20250526,20250526                                                                                                                 
5175M,0,1,0,0,0,0,0,20250527,20250527                                                                                                                 
5176X,0,0,1,0,0,0,0,20250528,20250528                                                                                                                 
5177J,0,0,0,1,0,0,0,20250529,20250529                                                                                                                 
5178V,0,0,0,0,1,0,0,20250530,20250530                                                                                                                 
5179S,0,0,0,0,0,1,0,20250531,20250531                                                                                                                 
5180D,0,0,0,0,0,0,1,20250601,20250601                                                                                                                 
5181L,1,0,0,0,0,0,0,20250602,20250602                                                                                                                 
5182M,0,1,0,0,0,0,0,20250603,20250603                                                                                                                 
5183X,0,0,1,0,0,0,0,20250604,20250604                                                                                                                 
5184J,0,0,0,1,0,0,0,20250605,20250605                                                                                                                 
5185V,0,0,0,0,1,0,0,20250606,20250606                                                                                                                 
6055X,0,0,1,0,0,0,0,20250507,20250507                                                                                                                 
6056J,0,0,0,1,0,0,0,20250508,20250508                                                                                                                 
6057V,0,0,0,0,1,0,0,20250509,20250509                                                                                                                 
6058S,0,0,0,0,0,1,0,20250510,20250510                                                                                                                 
6059D,0,0,0,0,0,0,1,20250511,20250511                                                                                                                 
6060L,1,0,0,0,0,0,0,20250512,20250512                                                                                                                 
6061M,0,1,0,0,0,0,0,20250513,20250513                                                                                                                 
6062X,0,0,1,0,0,0,0,20250514,20250514                                                                                                                 
6063J,0,0,0,1,0,0,0,20250515,20250515                                                                                                                 
6064V,0,0,0,0,1,0,0,20250516,20250516                                                                                                                 
6065S,0,0,0,0,0,1,0,20250517,20250517                                                                                                                 
6066D,0,0,0,0,0,0,1,20250518,20250518                                                                                                                 
6067L,1,0,0,0,0,0,0,20250519,20250519                                                                                                                 
6068M,0,1,0,0,0,0,0,20250520,20250520                                                                                                                 
6069X,0,0,1,0,0,0,0,20250521,20250521                                                                                                                 
6070J,0,0,0,1,0,0,0,20250522,20250522                                                                                                                 
6071V,0,0,0,0,1,0,0,20250523,20250523                                                                                                                 
6072S,0,0,0,0,0,1,0,20250524,20250524                                                                                                                 
6073D,0,0,0,0,0,0,1,20250525,20250525                                                                                                                 
6074L,1,0,0,0,0,0,0,20250526,20250526                                                                                                                 
6075M,0,1,0,0,0,0,0,20250527,20250527                                                                                                                 
6076X,0,0,1,0,0,0,0,20250528,20250528                                                                                                                 
6077J,0,0,0,1,0,0,0,20250529,20250529                                                                                                                 
6078V,0,0,0,0,1,0,0,20250530,20250530                                                                                                                 
6079S,0,0,0,0,0,1,0,20250531,20250531                                                                                                                 
6080D,0,0,0,0,0,0,1,20250601,20250601                                                                                                                 
6081L,1,0,0,0,0,0,0,20250602,20250602                                                                                                                 
6082M,0,1,0,0,0,0,0,20250603,20250603                                                                                                                 
6083X,0,0,1,0,0,0,0,20250604,20250604                                                                                                                 
6084J,0,0,0,1,0,0,0,20250605,20250605                                                                                                                 
6085V,0,0,0,0,1,0,0,20250606,20250606                                                                                                                 
6155X,0,0,1,0,0,0,0,20250507,20250507                                                                                                                 
6156J,0,0,0,1,0,0,0,20250508,20250508                                                                                                                 
6157V,0,0,0,0,1,0,0,20250509,20250509                                                                                                                 
6158S,0,0,0,0,0,1,0,20250510,20250510                                                                                                                 
6159D,0,0,0,0,0,0,1,20250511,20250511                                                                                                                 
6160L,1,0,0,0,0,0,0,20250512,20250512                                                                                                                 
6161M,0,1,0,0,0,0,0,20250513,20250513                                                                                                                 
6162X,0,0,1,0,0,0,0,20250514,20250514                                                                                                                 
6163J,0,0,0,1,0,0,0,20250515,20250515                                                                                                                 
6164V,0,0,0,0,1,0,0,20250516,20250516                                                                                                                 
6165S,0,0,0,0,0,1,0,20250517,20250517                                                                                                                 
6166D,0,0,0,0,0,0,1,20250518,20250518                                                                                                                 
6167L,1,0,0,0,0,0,0,20250519,20250519                                                                                                                 
6168M,0,1,0,0,0,0,0,20250520,20250520                                                                                                                 
6169X,0,0,1,0,0,0,0,20250521,20250521                                                                                                                 
6170J,0,0,0,1,0,0,0,20250522,20250522                                                                                                                 
6171V,0,0,0,0,1,0,0,20250523,20250523                                                                                                                 
6172S,0,0,0,0,0,1,0,20250524,20250524                                                                                                                 
6173D,0,0,0,0,0,0,1,20250525,20250525                                                                                                                 
6174L,1,0,0,0,0,0,0,20250526,20250526                                                                                                                 
6175M,0,1,0,0,0,0,0,20250527,20250527                                                                                                                 
6176X,0,0,1,0,0,0,0,20250528,20250528                                                                                                                 
6177J,0,0,0,1,0,0,0,20250529,20250529                                                                                                                 
6178V,0,0,0,0,1,0,0,20250530,20250530                                                                                                                 
6179S,0,0,0,0,0,1,0,20250531,20250531                                                                                                                 
6180D,0,0,0,0,0,0,1,20250601,20250601                                                                                                                 
6181L,1,0,0,0,0,0,0,20250602,20250602                                                                                                                 
6182M,0,1,0,0,0,0,0,20250603,20250603                                                                                                                 
6183X,0,0,1,0,0,0,0,20250604,20250604                                                                                                                 
6184J,0,0,0,1,0,0,0,20250605,20250605                                                                                                                 
6185V,0,0,0,0,1,0,0,20250606,20250606                                                                                                                 
6255X,0,0,1,0,0,0,0,20250507,20250507                                                                                                                 
6256J,0,0,0,1,0,0,0,20250508,20250508                                                                                                                 
6257V,0,0,0,0,1,0,0,20250509,20250509                                                                                                                 
6258S,0,0,0,0,0,1,0,20250510,20250510                                                                                                                 
6259D,0,0,0,0,0,0,1,20250511,20250511                                                                                                                 
6260L,1,0,0,0,0,0,0,20250512,20250512                                                                                                                 
6261M,0,1,0,0,0,0,0,20250513,20250513                                                                                                                 
6262X,0,0,1,0,0,0,0,20250514,20250514                                                                                                                 
6263J,0,0,0,1,0,0,0,20250515,20250515                                                                                                                 
6264V,0,0,0,0,1,0,0,20250516,20250516                                                                                                                 
6265S,0,0,0,0,0,1,0,20250517,20250517                                                                                                                 
6266D,0,0,0,0,0,0,1,20250518,20250518                                                                                                                 
6267L,1,0,0,0,0,0,0,20250519,20250519                                                                                                                 
6268M,0,1,0,0,0,0,0,20250520,20250520                                                                                                                 
6269X,0,0,1,0,0,0,0,20250521,20250521                                                                                                                 
6270J,0,0,0,1,0,0,0,20250522,20250522                                                                                                                 
6271V,0,0,0,0,1,0,0,20250523,20250523                                                                                                                 
6272S,0,0,0,0,0,1,0,20250524,20250524                                                                                                                 
6273D,0,0,0,0,0,0,1,20250525,20250525                                                                                                                 
6274L,1,0,0,0,0,0,0,20250526,20250526                                                                                                                 
6275M,0,1,0,0,0,0,0,20250527,20250527                                                                                                                 
6276X,0,0,1,0,0,0,0,20250528,20250528                                                                                                                 
6277J,0,0,0,1,0,0,0,20250529,20250529                                                                                                                 
6278V,0,0,0,0,1,0,0,20250530,20250530                                                                                                                 
6279S,0,0,0,0,0,1,0,20250531,20250531                                                                                                                 
6280D,0,0,0,0,0,0,1,20250601,20250601                                                                                                                 
6281L,1,0,0,0,0,0,0,20250602,20250602                                                                                                                 
6282M,0,1,0,0,0,0,0,20250603,20250603                                                                                                                 
6283X,0,0,1,0,0,0,0,20250604,20250604                                                                                                                 
6284J,0,0,0,1,0,0,0,20250605,20250605                                                                                                                 
6285V,0,0,0,0,1,0,0,20250606,20250606                                                                                                                 
7055X,0,0,1,0,0,0,0,20250507,20250507                                                                                                                 
7056J,0,0,0,1,0,0,0,20250508,20250508                                                                                                                 
7057V,0,0,0,0,1,0,0,20250509,20250509                                                                                                                 
7058S,0,0,0,0,0,1,0,20250510,20250510                                                                                                                 
7059D,0,0,0,0,0,0,1,20250511,20250511                                                                                                                 
7060L,1,0,0,0,0,0,0,20250512,20250512                                                                                                                 
7061M,0,1,0,0,0,0,0,20250513,20250513                                                                                                                 
7062X,0,0,1,0,0,0,0,20250514,20250514                                                                                                                 
7063J,0,0,0,1,0,0,0,20250515,20250515                                                                                                                 
7064V,0,0,0,0,1,0,0,20250516,20250516                                                                                                                 
7065S,0,0,0,0,0,1,0,20250517,20250517                                                                                                                 
7066D,0,0,0,0,0,0,1,20250518,20250518                                                                                                                 
7067L,1,0,0,0,0,0,0,20250519,20250519                                                                                                                 
7068M,0,1,0,0,0,0,0,20250520,20250520                                                                                                                 
7069X,0,0,1,0,0,0,0,20250521,20250521                                                                                                                 
7070J,0,0,0,1,0,0,0,20250522,20250522                                                                                                                 
7071V,0,0,0,0,1,0,0,20250523,20250523                                                                                                                 
7072S,0,0,0,0,0,1,0,20250524,20250524                                                                                                                 
7073D,0,0,0,0,0,0,1,20250525,20250525                                                                                                                 
7074L,1,0,0,0,0,0,0,20250526,20250526                                                                                                                 
7075M,0,1,0,0,0,0,0,20250527,20250527                                                                                                                 
7076X,0,0,1,0,0,0,0,20250528,20250528                                                                                                                 
7077J,0,0,0,1,0,0,0,20250529,20250529                                                                                                                 
7078V,0,0,0,0,1,0,0,20250530,20250530                                                                                                                 
7079S,0,0,0,0,0,1,0,20250531,20250531                                                                                                                 
7080D,0,0,0,0,0,0,1,20250601,20250601                                                                                                                 
7081L,1,0,0,0,0,0,0,20250602,20250602                                                                                                                 
7082M,0,1,0,0,0,0,0,20250603,20250603                                                                                                                 
7083X,0,0,1,0,0,0,0,20250604,20250604                                                                                                                 
7084J,0,0,0,1,0,0,0,20250605,20250605                                                                                                                 
7085V,0,0,0,0,1,0,0,20250606,20250606                                                                                                                 
